3999
3960
3961
3999
3959
3959
3960
3996
3996
3921
3957
3997
3961
3637
3997
3993
3957
3997
3600
3961
3963
3600
3961
3963
3636
3997
3995
3636
3997
3995
3920
3921
3923
3920
3921
3923
3956
3957
3955
3956
3957
3955
3639
3639
3959
3959
3963
3963
3995
3995
3923
3603
3955
3635
3999
3639
3999
3639
3959
3919
3959
3919
3960
3964
3960
3964
3996
3992
3996
3992
3601
3965
3881
3925
3637
3993
3917
3953
3601
3601
3633
3633
3921
3921
3953
3953
3601
3965
3963
3603
3600
3604
3601
3965
3963
3603
3600
3604
3637
3993
3995
3635
3636
3632
3637
3993
3995
3635
3636
3632
3881
3925
3923
3883
3920
3924
3881
3925
3923
3883
3920
3924
3917
3953
3955
3915
3956
3952
3917
3953
3955
3915
3956
3952

