9.500000e+00 9.500000e+00 0.000000e+00 3 9 9 0 399 0.000000 0.500000 0.500000
0.000000e+00 9.000000e+00 0.000000e+00 0 0 9 0 360 0.500000 0.000000 0.500000
0.000000e+00 9.500000e+00 9.500000e+00 1 0 9 9 3961 0.500000 0.500000 0.000000
9.500000e+00 9.500000e+00 9.000000e+00 3 9 9 9 3999 0.000000 0.500000 -0.500000
9.500000e+00 8.500000e+00 9.000000e+00 3 9 8 9 3959 0.000000 -0.500000 -0.500000
9.500000e+00 8.500000e+00 0.000000e+00 3 9 8 0 359 0.000000 -0.500000 0.500000
0.000000e+00 9.000000e+00 9.000000e+00 0 0 9 9 3960 0.500000 0.000000 -0.500000
9.000000e+00 9.000000e+00 9.000000e+00 0 9 9 9 3996 -0.500000 0.000000 -0.500000
9.000000e+00 9.000000e+00 0.000000e+00 0 9 9 0 396 -0.500000 0.000000 0.500000
0.000000e+00 8.500000e+00 9.500000e+00 1 0 8 9 3921 0.500000 -0.500000 0.000000
9.000000e+00 8.500000e+00 9.500000e+00 1 9 8 9 3957 -0.500000 -0.500000 0.000000
9.000000e+00 9.500000e+00 9.500000e+00 1 9 9 9 3997 -0.500000 0.500000 0.000000
5.000000e-01 9.000000e+00 9.500000e+00 2 0 9 9 3962 1.000000 0.000000 0.000000
9.500000e+00 0.000000e+00 9.500000e+00 2 9 0 9 3638 0.000000 1.000000 0.000000
9.500000e+00 9.000000e+00 5.000000e-01 2 9 9 0 398 0.000000 0.000000 1.000000
8.500000e+00 9.000000e+00 9.500000e+00 2 8 9 9 3994 -1.000000 0.000000 0.000000
9.500000e+00 8.000000e+00 9.500000e+00 2 9 8 9 3958 0.000000 -1.000000 0.000000
9.500000e+00 9.000000e+00 8.500000e+00 2 9 9 8 3598 0.000000 0.000000 -1.000000
0.000000e+00 0.000000e+00 0.000000e+00 0 0 0 0 0 0.500000 1.000000 0.500000
0.000000e+00 9.500000e+00 5.000000e-01 1 0 9 0 361 0.500000 0.500000 1.000000
5.000000e-01 9.500000e+00 0.000000e+00 3 0 9 0 363 1.000000 0.500000 0.500000
0.000000e+00 0.000000e+00 9.000000e+00 0 0 0 9 3600 0.500000 1.000000 -0.500000
0.000000e+00 9.500000e+00 8.500000e+00 1 0 9 8 3561 0.500000 0.500000 -1.000000
5.000000e-01 9.500000e+00 9.000000e+00 3 0 9 9 3963 1.000000 0.500000 -0.500000
9.000000e+00 0.000000e+00 0.000000e+00 0 9 0 0 36 -0.500000 1.000000 0.500000
9.000000e+00 9.500000e+00 5.000000e-01 1 9 9 0 397 -0.500000 0.500000 1.000000
8.500000e+00 9.500000e+00 0.000000e+00 3 8 9 0 395 -1.000000 0.500000 0.500000
9.000000e+00 0.000000e+00 9.000000e+00 0 9 0 9 3636 -0.500000 1.000000 -0.500000
9.000000e+00 9.500000e+00 8.500000e+00 1 9 9 8 3597 -0.500000 0.500000 -1.000000
8.500000e+00 9.500000e+00 9.000000e+00 3 8 9 9 3995 -1.000000 0.500000 -0.500000
0.000000e+00 8.000000e+00 0.000000e+00 0 0 8 0 320 0.500000 -1.000000 0.500000
0.000000e+00 8.500000e+00 5.000000e-01 1 0 8 0 321 0.500000 -0.500000 1.000000
5.000000e-01 8.500000e+00 0.000000e+00 3 0 8 0 323 1.000000 -0.500000 0.500000
0.000000e+00 8.000000e+00 9.000000e+00 0 0 8 9 3920 0.500000 -1.000000 -0.500000
0.000000e+00 8.500000e+00 8.500000e+00 1 0 8 8 3521 0.500000 -0.500000 -1.000000
5.000000e-01 8.500000e+00 9.000000e+00 3 0 8 9 3923 1.000000 -0.500000 -0.500000
9.000000e+00 8.000000e+00 0.000000e+00 0 9 8 0 356 -0.500000 -1.000000 0.500000
9.000000e+00 8.500000e+00 5.000000e-01 1 9 8 0 357 -0.500000 -0.500000 1.000000
8.500000e+00 8.500000e+00 0.000000e+00 3 8 8 0 355 -1.000000 -0.500000 0.500000
9.000000e+00 8.000000e+00 9.000000e+00 0 9 8 9 3956 -0.500000 -1.000000 -0.500000
9.000000e+00 8.500000e+00 8.500000e+00 1 9 8 8 3557 -0.500000 -0.500000 -1.000000
8.500000e+00 8.500000e+00 9.000000e+00 3 8 8 9 3955 -1.000000 -0.500000 -0.500000
9.500000e+00 0.000000e+00 8.500000e+00 2 9 0 8 3238 0.000000 1.000000 -1.000000
9.500000e+00 0.000000e+00 5.000000e-01 2 9 0 0 38 0.000000 1.000000 1.000000
9.500000e+00 8.000000e+00 8.500000e+00 2 9 8 8 3558 0.000000 -1.000000 -1.000000
9.500000e+00 8.000000e+00 5.000000e-01 2 9 8 0 358 0.000000 -1.000000 1.000000
5.000000e-01 9.000000e+00 8.500000e+00 2 0 9 8 3562 1.000000 0.000000 -1.000000
5.000000e-01 9.000000e+00 5.000000e-01 2 0 9 0 362 1.000000 0.000000 1.000000
8.500000e+00 9.000000e+00 8.500000e+00 2 8 9 8 3594 -1.000000 0.000000 -1.000000
8.500000e+00 9.000000e+00 5.000000e-01 2 8 9 0 394 -1.000000 0.000000 1.000000
5.000000e-01 8.000000e+00 9.500000e+00 2 0 8 9 3922 1.000000 -1.000000 0.000000
5.000000e-01 0.000000e+00 9.500000e+00 2 0 0 9 3602 1.000000 1.000000 0.000000
8.500000e+00 8.000000e+00 9.500000e+00 2 8 8 9 3954 -1.000000 -1.000000 0.000000
8.500000e+00 0.000000e+00 9.500000e+00 2 8 0 9 3634 -1.000000 1.000000 0.000000
9.500000e+00 9.500000e+00 8.000000e+00 3 9 9 8 3599 0.000000 0.500000 -1.500000
9.500000e+00 5.000000e-01 9.000000e+00 3 9 0 9 3639 0.000000 1.500000 -0.500000
9.500000e+00 9.500000e+00 1.000000e+00 3 9 9 1 799 0.000000 0.500000 1.500000
9.500000e+00 5.000000e-01 0.000000e+00 3 9 0 0 39 0.000000 1.500000 0.500000
9.500000e+00 8.500000e+00 8.000000e+00 3 9 8 8 3559 0.000000 -0.500000 -1.500000
9.500000e+00 7.500000e+00 9.000000e+00 3 9 7 9 3919 0.000000 -1.500000 -0.500000
9.500000e+00 8.500000e+00 1.000000e+00 3 9 8 1 759 0.000000 -0.500000 1.500000
9.500000e+00 7.500000e+00 0.000000e+00 3 9 7 0 319 0.000000 -1.500000 0.500000
0.000000e+00 9.000000e+00 8.000000e+00 0 0 9 8 3560 0.500000 0.000000 -1.500000
1.000000e+00 9.000000e+00 9.000000e+00 0 1 9 9 3964 1.500000 0.000000 -0.500000
0.000000e+00 9.000000e+00 1.000000e+00 0 0 9 1 760 0.500000 0.000000 1.500000
1.000000e+00 9.000000e+00 0.000000e+00 0 1 9 0 364 1.500000 0.000000 0.500000
9.000000e+00 9.000000e+00 8.000000e+00 0 9 9 8 3596 -0.500000 0.000000 -1.500000
8.000000e+00 9.000000e+00 9.000000e+00 0 8 9 9 3992 -1.500000 0.000000 -0.500000
9.000000e+00 9.000000e+00 1.000000e+00 0 9 9 1 796 -0.500000 0.000000 1.500000
8.000000e+00 9.000000e+00 0.000000e+00 0 8 9 0 392 -1.500000 0.000000 0.500000
0.000000e+00 5.000000e-01 9.500000e+00 1 0 0 9 3601 0.500000 1.500000 0.000000
1.000000e+00 9.500000e+00 9.500000e+00 1 1 9 9 3965 1.500000 0.500000 0.000000
0.000000e+00 7.500000e+00 9.500000e+00 1 0 7 9 3881 0.500000 -1.500000 0.000000
1.000000e+00 8.500000e+00 9.500000e+00 1 1 8 9 3925 1.500000 -0.500000 0.000000
9.000000e+00 5.000000e-01 9.500000e+00 1 9 0 9 3637 -0.500000 1.500000 0.000000
8.000000e+00 9.500000e+00 9.500000e+00 1 8 9 9 3993 -1.500000 0.500000 0.000000
9.000000e+00 7.500000e+00 9.500000e+00 1 9 7 9 3917 -0.500000 -1.500000 0.000000
8.000000e+00 8.500000e+00 9.500000e+00 1 8 8 9 3953 -1.500000 -0.500000 0.000000
5.000000e-01 0.000000e+00 5.000000e-01 2 0 0 0 2 1.000000 1.000000 1.000000
5.000000e-01 0.000000e+00 8.500000e+00 2 0 0 8 3202 1.000000 1.000000 -1.000000
8.500000e+00 0.000000e+00 5.000000e-01 2 8 0 0 34 -1.000000 1.000000 1.000000
8.500000e+00 0.000000e+00 8.500000e+00 2 8 0 8 3234 -1.000000 1.000000 -1.000000
5.000000e-01 8.000000e+00 5.000000e-01 2 0 8 0 322 1.000000 -1.000000 1.000000
5.000000e-01 8.000000e+00 8.500000e+00 2 0 8 8 3522 1.000000 -1.000000 -1.000000
8.500000e+00 8.000000e+00 5.000000e-01 2 8 8 0 354 -1.000000 -1.000000 1.000000
8.500000e+00 8.000000e+00 8.500000e+00 2 8 8 8 3554 -1.000000 -1.000000 -1.000000
0.000000e+00 5.000000e-01 5.000000e-01 1 0 0 0 1 0.500000 1.500000 1.000000
1.000000e+00 9.500000e+00 5.000000e-01 1 1 9 0 365 1.500000 0.500000 1.000000
5.000000e-01 9.500000e+00 1.000000e+00 3 0 9 1 763 1.000000 0.500000 1.500000
5.000000e-01 5.000000e-01 0.000000e+00 3 0 0 0 3 1.000000 1.500000 0.500000
0.000000e+00 0.000000e+00 1.000000e+00 0 0 0 1 400 0.500000 1.000000 1.500000
1.000000e+00 0.000000e+00 0.000000e+00 0 1 0 0 4 1.500000 1.000000 0.500000
0.000000e+00 5.000000e-01 8.500000e+00 1 0 0 8 3201 0.500000 1.500000 -1.000000
1.000000e+00 9.500000e+00 8.500000e+00 1 1 9 8 3565 1.500000 0.500000 -1.000000
5.000000e-01 9.500000e+00 8.000000e+00 3 0 9 8 3563 1.000000 0.500000 -1.500000
5.000000e-01 5.000000e-01 9.000000e+00 3 0 0 9 3603 1.000000 1.500000 -0.500000
0.000000e+00 0.000000e+00 8.000000e+00 0 0 0 8 3200 0.500000 1.000000 -1.500000
1.000000e+00 0.000000e+00 9.000000e+00 0 1 0 9 3604 1.500000 1.000000 -0.500000
9.000000e+00 5.000000e-01 5.000000e-01 1 9 0 0 37 -0.500000 1.500000 1.000000
8.000000e+00 9.500000e+00 5.000000e-01 1 8 9 0 393 -1.500000 0.500000 1.000000
8.500000e+00 9.500000e+00 1.000000e+00 3 8 9 1 795 -1.000000 0.500000 1.500000
8.500000e+00 5.000000e-01 0.000000e+00 3 8 0 0 35 -1.000000 1.500000 0.500000
9.000000e+00 0.000000e+00 1.000000e+00 0 9 0 1 436 -0.500000 1.000000 1.500000
8.000000e+00 0.000000e+00 0.000000e+00 0 8 0 0 32 -1.500000 1.000000 0.500000
9.000000e+00 5.000000e-01 8.500000e+00 1 9 0 8 3237 -0.500000 1.500000 -1.000000
8.000000e+00 9.500000e+00 8.500000e+00 1 8 9 8 3593 -1.500000 0.500000 -1.000000
8.500000e+00 9.500000e+00 8.000000e+00 3 8 9 8 3595 -1.000000 0.500000 -1.500000
8.500000e+00 5.000000e-01 9.000000e+00 3 8 0 9 3635 -1.000000 1.500000 -0.500000
9.000000e+00 0.000000e+00 8.000000e+00 0 9 0 8 3236 -0.500000 1.000000 -1.500000
8.000000e+00 0.000000e+00 9.000000e+00 0 8 0 9 3632 -1.500000 1.000000 -0.500000
0.000000e+00 7.500000e+00 5.000000e-01 1 0 7 0 281 0.500000 -1.500000 1.000000
1.000000e+00 8.500000e+00 5.000000e-01 1 1 8 0 325 1.500000 -0.500000 1.000000
5.000000e-01 8.500000e+00 1.000000e+00 3 0 8 1 723 1.000000 -0.500000 1.500000
5.000000e-01 7.500000e+00 0.000000e+00 3 0 7 0 283 1.000000 -1.500000 0.500000
0.000000e+00 8.000000e+00 1.000000e+00 0 0 8 1 720 0.500000 -1.000000 1.500000
1.000000e+00 8.000000e+00 0.000000e+00 0 1 8 0 324 1.500000 -1.000000 0.500000
0.000000e+00 7.500000e+00 8.500000e+00 1 0 7 8 3481 0.500000 -1.500000 -1.000000
1.000000e+00 8.500000e+00 8.500000e+00 1 1 8 8 3525 1.500000 -0.500000 -1.000000
5.000000e-01 8.500000e+00 8.000000e+00 3 0 8 8 3523 1.000000 -0.500000 -1.500000
5.000000e-01 7.500000e+00 9.000000e+00 3 0 7 9 3883 1.000000 -1.500000 -0.500000
0.000000e+00 8.000000e+00 8.000000e+00 0 0 8 8 3520 0.500000 -1.000000 -1.500000
1.000000e+00 8.000000e+00 9.000000e+00 0 1 8 9 3924 1.500000 -1.000000 -0.500000
9.000000e+00 7.500000e+00 5.000000e-01 1 9 7 0 317 -0.500000 -1.500000 1.000000
8.000000e+00 8.500000e+00 5.000000e-01 1 8 8 0 353 -1.500000 -0.500000 1.000000
8.500000e+00 8.500000e+00 1.000000e+00 3 8 8 1 755 -1.000000 -0.500000 1.500000
8.500000e+00 7.500000e+00 0.000000e+00 3 8 7 0 315 -1.000000 -1.500000 0.500000
9.000000e+00 8.000000e+00 1.000000e+00 0 9 8 1 756 -0.500000 -1.000000 1.500000
8.000000e+00 8.000000e+00 0.000000e+00 0 8 8 0 352 -1.500000 -1.000000 0.500000
9.000000e+00 7.500000e+00 8.500000e+00 1 9 7 8 3517 -0.500000 -1.500000 -1.000000
8.000000e+00 8.500000e+00 8.500000e+00 1 8 8 8 3553 -1.500000 -0.500000 -1.000000
8.500000e+00 8.500000e+00 8.000000e+00 3 8 8 8 3555 -1.000000 -0.500000 -1.500000
8.500000e+00 7.500000e+00 9.000000e+00 3 8 7 9 3915 -1.000000 -1.500000 -0.500000
9.000000e+00 8.000000e+00 8.000000e+00 0 9 8 8 3556 -0.500000 -1.000000 -1.500000
8.000000e+00 8.000000e+00 9.000000e+00 0 8 8 9 3952 -1.500000 -1.000000 -0.500000

